535
527
128
784
840
668
367
910
841
865
412
486
116
901
701
439
56
791
234
461
790
404
931
465
540
117
534
280
679
703
235
182
151
547
871
822
376
419
261
47
769
69
621
70
977
36
989
442
525
260
787
389
170
221
163
60
201
501
314
365
356
35
343
289
426
482
172
578
437
405
908
44
610
559
718
946
374
516
639
904
738
729
947
618
876
169
702
392
492
382
759
302
571
227
191
860
265
22
303
719
626
543
467
270
98
622
6
495
762
140
969
828
599
369
921
673
953
659
394
271
281
10
397
743
358
983
196
279
83
807
333
660
293
846
891
297
757
5
417
507
184
805
669
691
522
471
72
609
967
736
242
144
238
491
218
301
240
899
0
642
870
244
892
675
175
111
714
348
981
360
243
927
52
666
581
469
680
402
795
284
786
920
317
695
123
410
647
496
978
847
445
852
577
760
148
332
275
862
62
3
531
928
299
835
31
705
842
884
459
945
625
919
583
252
894
630
349
667
677
772
710
586
798
87
739
122
134
198
23
497
995
149
160
544
171
682
309
440
239
954
258
817
674
882
130
643
915
820
789
596
388
949
267
656
249
387
342
180
179
730
657
773
993
200
624
849
839
756
24
959
810
713
446
435
208
746
336
368
606
574
824
278
605
749
800
504
635
557
952
704
723
423
930
474
777
523
792
764
457
972
1
126
649
282
584
982
572
575
985
950
452
255
646
136
872
722
526
830
391
325
34
558
276
311
914
361
337
167
73
193
476
774
690
159
103
94
9
619
321
520
766
165
307
105
881
836
566
323
965
224
825
728
632
156
770
568
241
363
254
843
152
46
906
448
416
312
42
428
424
133
551
533
582
444
816
277
225
250
490
269
80
107
506
720
220
59
933
484
489
976
187
996
923
347
907
580
796
863
464
145
57
614
602
473
49
305
85
226
747
999
414
178
53
753
96
90
819
886
125
560
742
986
692
443
550
832
644
761
450
413
415
803
806
510
912
390
256
272
645
268
936
844
115
396
2
706
294
641
287
499
406
20
600
409
237
975
64
570
328
616
29
422
38
751
731
951
121
100
856
932
541
393
436
654
591
120
92
455
25
532
89
411
678
441
273
707
603
310
939
17
537
30
351
854
922
827
859
222
555
925
190
153
793
353
812
500
379
783
942
213
948
897
61
447
209
672
8
112
203
319
39
150
778
604
900
216
724
11
97
662
711
768
43
801
37
12
546
929
432
612
86
195
186
831
524
592
539
33
684
487
127
475
829
19
350
429
538
938
45
478
569
502
263
453
181
381
472
874
400
629
903
545
918
781
300
398
717
215
253
693
779
102
966
561
755
372
359
54
433
634
449
868
4
298
146
188
548
274
984
961
990
199
438
266
737
329
519
189
344
508
468
371
488
924
236
615
7
765
113
698
338
51
916
794
589
477
956
460
403
893
611
885
511
346
620
709
78
964
183
813
518
958
135
295
91
21
934
114
334
598
613
788
991
973
386
594
815
962
536
974
41
354
124
168
834
164
564
470
304
725
585
833
775
514
14
306
694
230
143
529
340
732
355
665
851
562
676
373
905
385
937
79
290
251
76
826
873
699
13
837
463
909
715
963
587
563
462
308
32
177
318
866
858
157
617
542
50
687
383
296
204
316
515
185
838
752
821
142
65
861
427
785
335
797
780
399
782
366
895
987
648
345
395
745
601
997
408
767
607
887
590
67
869
663
245
661
197
799
63
880
118
454
494
451
848
327
493
512
671
818
132
628
262
638
407
627
129
640
434
364
926
210
84
588
968
664
593
853
554
814
291
425
246
650
741
637
483
549
809
658
911
161
219
326
685
917
259
68
93
228
697
716
421
597
480
176
681
734
998
229
214
430
155
636
380
292
608
708
370
576
980
330
26
375
579
700
106
88
898
688
513
653
458
341
726
166
205
878
754
902
324
357
40
712
95
223
744
231
479
696
211
633
750
877
971
384
944
883
994
194
139
896
651
913
943
740
248
264
979
466
217
147
320
174
99
27
18
509
313
960
232
689
686
530
735
285
28
935
82
109
879
75
992
286
727
970
420
66
811
288
101
58
850
595
941
456
940
173
15
957
683
55
131
431
804
212
322
315
867
77
721
733
401
528
565
104
192
888
552
378
955
864
652
206
331
889
233
655
763
48
119
418
521
845
158
162
138
823
573
498
108
808
81
283
71
857
875
503
377
631
988
758
16
505
517
110
74
202
137
154
771
257
623
556
748
485
207
855
670
362
553
247
567
481
776
802
141
890
352
339
