100
362
458
177
898
167
221
13
229
667
736
476
785
34
349
846
130
793
487
863
600
56
188
405
683
446
653
893
525
975
112
670
669
689
293
241
953
798
569
912
486
637
441
25
5
773
312
651
470
161
648
380
710
495
625
547
7
342
848
116
135
49
386
133
840
887
584
636
58
430
999
746
242
645
829
492
858
659
655
101
945
973
764
154
768
244
404
274
17
589
388
944
722
14
988
86
45
152
817
231
316
463
417
174
339
693
535
211
714
29
783
213
59
700
96
38
506
35
759
95
348
436
940
30
804
249
749
997
36
715
375
191
121
166
711
682
394
389
831
338
794
597
41
416
994
122
996
609
51
141
83
393
780
275
501
20
889
413
175
575
677
956
974
365
459
532
214
262
604
611
90
792
548
913
258
761
582
539
504
671
411
332
562
200
246
432
3
632
46
88
98
79
24
756
412
916
545
469
420
237
924
427
574
397
326
12
531
374
439
288
111
931
207
222
39
210
33
243
306
922
624
540
650
902
620
42
421
157
626
109
992
474
407
212
448
340
270
406
291
160
383
391
866
71
583
640
63
27
355
240
172
862
319
775
369
456
9
698
929
635
61
473
8
732
802
82
965
812
433
198
550
727
192
581
729
878
455
484
285
753
979
782
779
105
425
879
638
110
660
585
554
544
691
296
359
305
451
563
145
930
206
593
461
630
445
494
48
845
946
674
40
621
370
790
303
32
356
614
335
708
835
964
147
310
378
259
537
948
401
472
297
967
993
552
125
820
766
134
510
811
193
410
238
148
781
762
822
138
483
120
806
963
81
94
888
478
914
252
592
986
799
68
250
725
119
731
618
327
226
647
65
961
139
718
400
322
825
106
395
437
995
108
896
516
703
928
453
724
57
26
368
744
443
534
452
163
833
690
276
253
15
203
398
199
868
104
70
169
233
639
541
344
475
87
580
696
543
467
346
372
844
186
0
73
705
523
578
414
894
298
235
884
477
290
379
357
72
668
384
447
805
333
757
755
957
950
353
132
50
772
771
877
223
78
657
422
622
115
232
892
170
466
216
308
980
150
925
208
701
227
910
719
672
490
520
257
284
855
431
217
692
875
444
765
873
428
331
809
289
987
969
813
429
951
590
903
857
503
155
273
899
927
851
633
769
741
295
709
586
128
644
907
294
512
807
634
330
742
385
334
496
897
661
676
613
864
616
538
595
481
526
156
396
10
245
408
665
959
76
114
885
745
97
919
80
28
591
685
265
381
797
814
465
140
737
373
247
720
91
530
990
923
568
962
740
706
652
598
377
786
876
558
579
803
686
908
573
127
323
151
53
559
909
528
162
588
220
314
934
313
978
264
438
860
656
137
129
502
991
93
850
608
697
546
74
337
989
165
939
4
508
300
747
723
555
571
549
867
629
791
480
758
642
869
22
92
47
254
361
716
767
485
234
75
565
572
949
488
646
315
612
615
511
482
937
215
44
85
195
763
190
678
815
434
881
159
631
277
282
454
102
219
99
382
751
499
43
905
205
605
415
643
920
387
311
464
367
196
906
958
202
739
423
336
518
684
787
774
493
118
675
841
178
440
704
457
607
556
837
679
713
982
184
37
366
883
52
66
287
673
424
808
278
976
849
926
498
204
176
699
560
838
64
218
460
567
442
168
341
513
542
966
981
760
734
31
843
225
952
107
354
854
687
823
142
662
1
654
816
324
968
960
936
874
187
55
752
113
694
256
279
302
915
800
479
577
819
272
16
900
663
309
847
955
748
529
23
938
818
403
801
943
320
721
599
941
617
827
977
570
390
123
181
271
321
351
352
399
770
702
507
84
449
890
778
942
263
280
834
179
826
983
610
124
136
126
144
173
641
325
821
658
21
649
329
824
194
601
561
788
11
901
521
695
185
67
628
627
103
60
865
304
283
911
789
509
810
19
18
435
861
553
69
239
158
301
853
360
895
183
228
688
197
832
524
230
62
836
317
171
269
712
515
418
932
131
985
680
505
795
292
462
426
707
921
891
471
189
935
839
224
954
603
596
828
268
527
343
904
209
784
371
251
267
602
796
392
328
519
947
164
872
717
345
255
143
182
54
557
666
933
2
153
347
970
972
500
318
89
350
735
522
146
266
419
733
664
984
566
402
358
260
307
517
286
149
619
363
491
551
180
409
201
606
236
564
514
738
842
497
261
918
6
971
450
376
830
856
623
536
587
998
859
917
594
681
852
77
880
882
777
743
871
576
754
489
726
281
776
364
728
886
533
730
248
750
468
299
870
117
