256094
398557
734897
761492
19217
129040
677065
610310
398575
796609
710988
931404
721893
866846
69505
340639
508312
966164
805509
876943
861803
199786
126560
445296
380701
613051
202804
459426
551760
502862
620047
698556
921956
55764
237919
564565
150210
223485
869765
952430
799349
789047
641602
745215
39282
929668
443918
452444
494392
534582
207495
344132
676882
99850
639046
257670
556858
711903
65934
349393
620888
607121
711134
173846
609767
645878
560038
833692
889913
549940
346774
676128
427153
921662
185617
832102
772910
238953
57344
460832
699943
835247
379780
542522
557297
362623
110339
268736
738430
809342
855587
966253
745088
920670
827541
942801
841804
629913
681609
639197
356057
816075
646911
764686
206951
336234
827838
226356
289532
880227
948765
206686
199753
115601
363966
64229
457708
587420
999643
794833
985679
986668
320632
936171
957485
596169
548472
407328
910709
204433
371276
671694
405319
563412
703430
918254
535387
997968
789324
231199
276353
941956
848295
359179
363458
438131
297019
609272
448294
927223
962961
63597
352719
436286
696144
673662
761411
497446
322507
607030
73799
177
954612
461025
633574
839589
914989
511091
708433
354819
725247
443608
12704
934433
588963
727321
12663
357606
379582
620520
815939
314850
910763
942216
139428
475720
596656
627099
109733
777288
985681
648586
526694
595085
237699
964235
176987
221136
11001
71890
367597
661463
634523
136150
230846
801870
526293
337278
835850
120128
131788
100072
837161
492338
312682
59670
352944
907868
83290
908726
615288
468421
772752
157325
407542
994874
465215
395199
794121
444970
780206
225213
608403
226081
36261
410571
856766
655071
864129
599021
97248
831445
31207
694829
866489
389115
589205
515724
480345
397009
162964
181827
355615
567856
720074
270836
998812
248139
400748
103154
912405
324999
979152
541545
107431
419893
325280
642988
19973
515560
504619
107930
152541
114360
281685
414443
96601
819729
652271
663772
823746
92920
174049
743093
457854
134428
169220
105716
508730
774293
310796
627480
570083
277435
103906
332107
878925
478693
8912
151788
975991
911101
902550
601145
611366
800829
349849
749270
568493
46728
147323
94908
662926
16039
571398
247681
179835
10526
891137
635519
82997
662507
750885
154212
962774
196634
890730
384982
17258
67144
24762
804288
552567
868210
698567
999806
404765
531384
919928
740833
402456
564980
360638
401503
529443
945457
499717
982298
418487
360778
376455
819851
879794
167137
124538
312331
212562
939640
614570
162366
618016
798575
37857
747996
221161
272411
585666
638749
466727
938303
492341
132161
377215
463721
148220
338233
661092
133355
831716
42613
583641
31157
517400
948427
244243
370380
626128
404481
676284
481385
149222
488183
168596
354032
138889
466164
241202
272651
921866
33035
837033
219747
171668
339817
951878
781115
726201
795326
345845
104040
510951
895174
415490
77873
135737
203571
207805
845183
891178
813945
312824
423873
341668
500597
150122
524127
685366
735931
618934
824536
928997
446394
861829
846714
516633
538510
414031
18301
933752
973027
151801
214013
810384
843648
749209
633043
869614
633911
890901
485390
30540
976872
753129
77907
115366
291117
76167
46350
92909
714533
466072
892180
801173
865696
331873
46487
841097
665508
888897
260421
743038
597210
210134
296637
961061
977688
190528
70958
841018
182988
197757
983310
986490
498049
461940
317045
404081
292241
710093
267092
24177
928104
591293
305236
850335
777328
751199
549711
897191
857759
860158
777253
921551
205401
867695
551484
598377
411650
156699
347608
780259
612708
94363
343699
658232
282874
922364
134905
331017
769943
300961
951938
756870
970294
360712
307245
496070
62175
928997
15861
976759
939634
231722
878002
327023
441235
327208
100047
676577
71346
926543
706212
316587
128885
564177
659632
283915
878277
977573
909300
185778
515634
416296
665966
367601
554436
856606
661041
874256
365471
767317
755037
558462
859729
286698
598529
838370
550140
271589
720714
684495
221595
990464
621413
274903
319858
630597
761273
820983
797142
907925
853370
195695
322838
826116
655148
62133
308229
919586
412789
257279
363237
953749
742620
209662
47474
670946
257188
951915
301704
345034
701055
715065
672625
991313
495025
753066
699087
606234
773698
935870
568034
821805
206239
964166
81591
565595
846799
386902
856558
358201
441997
642136
340070
784519
119558
164798
333255
855605
326768
111759
47851
167291
483844
548643
80106
416166
106778
41770
240704
892595
998560
377574
252061
978132
159735
899577
75786
369103
802091
554200
712243
558342
924876
502943
212565
794449
861613
576767
272005
107847
175033
58258
854874
302812
364973
877519
924024
297188
496501
808665
420922
522934
704807
189490
685051
938924
328406
213132
963649
930054
336660
132288
454919
325486
649096
874840
929510
648150
221672
928454
513951
907901
88658
394296
705863
599569
985101
642371
712015
826927
790615
837628
252399
739142
726890
756070
219567
620825
249936
841861
510226
499426
609631
332817
652447
28628
856340
569606
703245
321722
275592
182680
29770
325243
616721
882244
227944
580862
873208
91650
730725
368234
721682
319703
308117
730054
455677
7878
610478
78592
683577
38630
421232
277385
815328
310351
652207
75165
805443
624558
166846
512992
535459
608633
448314
455524
877449
762492
38960
206791
365634
207633
570668
378618
477819
280941
803615
116380
767669
174039
531180
801988
37092
370997
961615
208990
892458
346623
49514
171116
412395
497620
878830
342254
790284
732267
281442
234909
955597
286306
102611
106961
380801
666098
780888
343682
245158
561924
668737
400811
601637
562268
586204
293706
624423
805300
224547
958532
286929
144996
607685
781478
610910
946620
786383
281543
275736
61300
679671
896905
459315
401083
284805
862718
765638
450091
649951
428775
178278
450526
579631
681111
735201
468058
52595
964470
953748
363111
570656
353377
830250
558722
208052
88495
724465
138410
454359
374415
554970
417815
74925
224845
102221
166282
754939
531699
981351
997311
633075
852300
351121
800960
529309
975556
110718
595092
183076
505387
460737
183060
299451
620888
573448
880349
415146
19242
238777
958561
252793
233322
48615
529112
386807
381452
314161
641877
686503
352724
197367
165107
585480
846422
397498
387822
423872
647829
164879
990349
460004
963021
141376
769469
974630
382285
736575
15866
490076
705723
905864
99942
891945
262075
504786
226172
697738
246635
73393
89246
351679
692998
371787
16522
445651
823080
935860
746411
151882
58736
583721
686668
738151
324417
277158
613671
79703
570403
679140
318108
470013
726856
248563
253757
366811
172264
954735
900358
328090
201549
218402
808106
417142
175659
740022
652872
724808
709159
749077
51836
679409
670200
799711
245522
691104
353899
478087
969430
65857
555328
535179
755847
892099
586738
560141
144874
281859
724756
124883
600442
445594
388183
366680
24252
699264
16936
191820
154801
158875
486966
813871
844133
167272
121361
397893
425509
597445
809006
752631
582798
959064
259335
156678
193087
805472
72927
140844
185968
3478
830563
981649
289756
656511
415212
443943
60506
87825
994594
670946
118922
454079
838458
470807
497834
15843
978975
460336
947272
979591
71727
26314
994322
392144
930652
852459
618505
623944
818291
611299
394196
741703
262329
503742
456241
516604
702897
754914
591174
412765
273147
881484
499158
195049
994775
476642
53903
481110
139782
590708
318719
647837
544401
687251
344743
418078
841123
598926
870632
717744
710161
946502
541146
557769
274234
816173
555580
154695
561674
148191
532549
544857
245912
984092
298393
493709
754927
778978
25047
349110
939882
622435
560463
47993
977273
384104
687633
108020
322560
235586
894945
362252
601182
586664
434502
72018
897931
388210
101569
70738
524250
369841
147739
857655
717470
278761
81175
251614
709801
107884
334471
501749
621743
778067
253179
948816
142474
79900
936340
152584
498071
295963
980342
876752
802045
686878
563804
326549
532430
109410
40517
340817
927749
765803
303884
21485
233775
197636
565653
548625
20839
708051
777059
508297
966074
61272
452487
949397
792489
776514
670707
280525
64652
405038
945773
87471
810515
639869
812511
282823
824488
44048
543947
382201
102192
336547
780187
544238
105521
768003
807638
226777
18510
535085
163055
337189
888877
296261
245880
973501
612217
945968
643508
458679
639939
566798
920713
660510
502211
574039
952404
826842
744829
449169
412375
961790
554303
656875
375501
709614
611847
97913
463903
247659
871809
108685
500527
929981
366893
654574
758929
485756
873759
181432
695705
484154
676576
312656
43087
79184
394162
91905
367807
121860
987569
503736
119405
542612
561429
566232
66726
811234
28116
619387
327474
917947
430372
117382
794918
379269
877278
894696
483414
498565
84798
555055
789671
168459
522503
511047
685633
523962
853764
729103
496740
854200
598184
334105
663122
226542
793495
273214
385002
653372
154174
903324
876757
633725
817501
327342
403737
1458
518501
219846
309451
693325
372411
711849
967585
332124
434396
619655
214182
462224
609436
294037
469190
826602
408327
717897
508745
2369
377768
132466
391773
511090
732071
813745
416779
525668
548621
340823
524684
111606
259940
652381
428597
554376
893178
604986
944141
293155
769732
180581
659903
107910
945054
222439
913258
993742
666480
18779
691414
139136
24365
32005
839938
644406
946037
168333
914137
394085
531482
946135
722562
562311
356352
640832
137174
682665
331550
999862
173485
362195
713761
45556
439825
74639
777839
747161
121940
328920
991816
512228
722814
950240
45513
805774
967582
468094
197451
738308
489473
708339
493672
448064
687745
984663
891037
765315
183541
605797
104395
652273
452358
635296
119704
73032
122145
866016
518131
468414
773320
67516
589300
680567
43460
539285
435553
740256
25845
242813
511117
238251
374729
928835
259162
106151
320843
924060
385760
446651
793555
284144
555686
255359
30172
375166
851149
973558
625330
173868
714509
870060
978698
363375
689878
513449
278828
596563
328344
688079
308555
323751
700190
720661
207797
795273
99349
906272
212453
30922
219243
917371
658230
760509
341011
511603
353394
722721
270373
45266
396617
399208
480801
72822
465885
805603
251924
908428
655610
562829
580819
759342
14115
996017
678756
378711
242887
970168
867709
636287
965459
244371
948900
680088
17825
146113
933045
973603
153358
964413
777922
672111
638761
530184
708436
311535
123142
348302
502224
364407
992883
843704
184885
554515
92802
834829
114818
400900
832901
99589
110837
680536
814296
449068
22893
227748
806232
626224
571569
526241
266482
646215
400009
97761
548886
275455
675146
904044
514761
35299
607408
807867
16922
489479
805475
73168
377260
750577
2012
4976
991026
392676
544865
85695
668538
190410
911788
185846
826400
122237
596074
219395
281571
145266
41631
609405
991124
456450
759142
944129
888106
235926
832086
359150
865395
311087
179649
615227
345573
427856
767958
138224
28115
422152
606374
443591
838971
928288
499715
781920
51452
907997
608452
611227
468580
284402
173030
448150
730407
720453
164109
198659
668653
159452
147560
649764
104514
494180
609138
808998
905905
998430
817684
36887
367402
509030
656103
529030
802464
120290
156760
769718
924144
595139
985573
527422
919995
208123
247300
933120
100052
94331
233314
499844
381077
233383
392648
465264
131788
198425
797594
213478
558995
689935
999226
608570
467709
975474
420681
689166
682028
39684
292877
780
232960
360101
738286
331008
555434
883201
584027
606480
263198
662873
258186
956184
25639
22061
499548
651750
157140
654915
813982
14735
516816
544983
987948
869996
858576
720224
54448
438837
602149
939194
658440
228664
51953
703668
753030
59061
822518
442488
336913
494041
809930
218579
908712
207573
495079
812897
173703
668059
438815
117974
498786
329269
650028
279531
691150
822209
349285
309347
890239
585421
857421
818744
806188
331659
773574
255975
928911
200817
777315
506197
672712
772336
595419
101468
576545
786510
897752
226551
605996
499682
548591
994950
218377
437932
326187
80829
153156
570446
251714
971311
810267
716267
538217
88051
103580
284507
139843
826608
566573
146440
861044
895435
256166
616680
815637
814121
405336
752407
823168
174627
638961
734736
571658
732294
323831
437511
272976
126403
186354
659431
358826
943866
436775
895523
806141
349533
4670
810235
399213
500164
201605
957069
441903
872269
658829
553813
742332
990254
782834
432003
644577
194137
612473
354488
237683
846922
408850
44892
234081
75312
731644
489822
904290
241590
746567
272585
142861
625132
257909
355840
429063
133527
271482
740118
765718
772049
975779
897420
440852
556766
422099
687592
247616
613133
983591
365806
953839
779272
206715
884286
68320
600568
461190
48201
343148
422423
119777
154673
994012
638035
504293
591485
565653
356444
128945
731381
508206
547787
366219
655520
918306
798382
388126
487576
763297
707572
240353
566407
834433
440690
253657
25152
739537
122767
979764
201852
982798
676754
361558
834415
59439
472902
844146
168134
334299
744904
954318
694976
285115
903021
416424
618854
869033
132114
393463
553896
694343
623937
7946
635670
567085
451708
805709
905079
233402
421354
333803
208970
16779
850075
994509
168983
625674
938170
565311
802480
887006
432398
916148
415625
214912
591468
164960
372081
268654
653501
810307
180972
562232
776744
997894
423663
889975
140060
972926
601464
881309
545211
635405
957191
506984
853606
687527
332476
610161
757793
585266
365582
856673
57507
845255
476069
602882
501373
244566
936918
630835
39844
49702
615161
12982
44509
698681
951271
774820
229572
74381
775573
996736
568184
961343
221320
990696
106598
340939
548788
551
883313
956526
684341
402408
18555
157100
159529
965189
906643
71854
468904
210750
708859
304387
736544
443654
924244
262215
222994
704566
805160
275937
259747
631269
62164
850662
845600
330383
203088
922523
383249
652913
733469
504215
830328
187767
195402
640391
186343
788813
822818
539211
455291
93266
687157
848062
719480
891371
451713
778900
234498
369396
485053
350684
637110
446864
29571
175396
847075
90209
159384
828987
498409
870547
521433
206801
735916
99155
331139
657531
26612
180510
693342
434387
999268
973108
930375
410877
995476
253739
243737
715844
178382
777567
705591
820258
366306
256839
69753
479070
927142
508131
951409
547408
935886
374417
993241
29120
585187
315391
11738
145901
530659
539067
631611
296873
670710
721639
287716
144033
711176
542856
528270
129211
557255
235517
507594
186136
258491
748492
906666
270073
936892
223640
51024
940221
476821
119599
770193
178440
695668
568384
691141
998272
684554
410922
542382
936561
894213
161967
820034
46160
488679
503431
9110
203229
782467
422673
690025
25441
74196
358116
601419
299159
234298
437572
833960
215719
12050
405232
586101
132941
789296
467544
896054
825817
618044
205548
668137
421903
838246
212432
344083
978798
164615
846252
685668
14286
712854
204703
497929
144034
734083
745875
871375
177374
60595
442027
404975
456690
343705
863194
644858
158643
394478
270029
959842
34843
319308
512456
629282
828455
488748
9487
395723
692703
831546
296698
958316
490866
391698
574188
808478
241279
682266
972125
865193
108912
128636
484242
294614
579841
643710
322030
421907
696863
931711
394595
419772
253419
85776
408769
856588
875165
125740
144239
772127
508677
439894
774967
205155
762093
494798
329722
204123
435867
536495
888069
77135
898995
8424
516924
704020
108088
761941
869747
455219
592947
413945
832220
943353
718892
583642
433818
66523
771989
951673
780276
623747
329351
55021
842277
611643
702115
944027
431504
707381
401435
832404
966224
880820
109385
12043
380654
457819
988093
805745
537132
194640
842708
666991
136830
918029
368131
741567
325400
514371
504307
737256
336098
576235
468999
223892
827849
118826
764985
493647
546287
206495
428642
309342
123202
424269
423512
326714
774634
570464
253361
987368
918300
840734
467558
262774
156172
119019
405011
769428
135615
839288
394075
4556
663294
787658
265257
676767
705510
879139
982673
769534
687069
608143
933524
675810
302431
373324
257346
941576
659510
520662
569082
128268
91656
594831
619917
38049
15754
942408
668737
429483
493907
301615
483314
325689
658507
297301
443474
844130
683778
59737
417104
248443
722013
844534
23127
210802
81899
49063
481773
11914
448533
204659
851452
143923
961716
160216
784622
744197
457405
298136
897649
981657
249687
415898
259738
577028
985613
48127
877413
872177
996511
55299
160859
435482
879987
894987
23756
197603
656297
119249
972476
147923
761612
15848
88858
120111
770532
392878
47083
249781
45352
35534
277510
864882
360272
172399
721080
858048
682633
364349
4487
2592
374338
982930
824596
719984
92644
210944
452058
95368
164318
461757
689555
206327
255133
21484
852025
238869
709851
301508
170025
939589
596111
577823
950692
601610
92994
941729
716144
849346
878850
553603
702748
287362
363823
717371
540448
494992
333106
253578
465058
190327
521166
32993
682773
875723
661838
461937
875196
492153
88414
360590
573453
633738
894134
958335
809840
823924
374513
131492
689958
318941
814908
382468
273351
347757
196586
659251
1188
118670
954723
336732
400203
952067
530813
810161
44776
797474
422819
797996
940744
114351
599985
362048
188601
285015
376546
229217
154318
653638
650529
558765
156607
616805
202043
840117
884780
853875
989814
978220
499010
459455
797499
131499
598135
869440
536174
320287
789935
611153
849694
884496
383872
802507
211928
259854
796883
65473
423766
206458
212897
171282
278229
378350
576157
284975
139012
160842
253361
48362
111192
170908
418336
283126
425404
443435
995338
409793
381734
694049
295630
306603
107845
469970
188169
269857
89111
102253
79293
296667
651926
489278
110990
591918
363730
374045
57381
590478
466266
134711
556599
507044
809812
610102
891744
321736
615020
618704
352361
39579
815977
339049
472937
696772
599003
175462
864775
456261
687409
891535
732573
769145
327527
979360
958840
791468
844828
322029
333756
821015
226881
742511
229988
525494
978798
245230
811816
184456
942351
386381
768247
884643
755323
686957
212324
648113
164901
217599
471453
104651
882539
466026
877589
421936
300236
609045
96836
343649
789815
102801
48900
954397
499326
529766
29340
128052
216617
39353
457050
819467
170023
100759
510425
451883
536928
945632
395234
333637
722981
872466
251759
576134
654025
375025
854603
411283
57929
471248
494485
456482
588774
467007
544227
443572
369684
272338
813058
768178
118219
393929
539100
464931
150906
99681
352819
859784
32987
925110
762441
374357
755873
873043
446818
933004
719
292312
441569
957623
685410
870919
561232
386689
746478
615211
661691
506225
661255
479205
851579
69508
635926
761044
413136
118311
179275
397472
941992
777486
74033
97508
282876
421620
134813
776373
439770
776751
731584
938963
975677
228975
657948
549292
790808
400851
182227
235335
244978
660775
548891
670483
46058
389054
350030
505037
160476
363944
211230
395784
122460
323665
962662
920092
993695
176886
894939
715245
745786
935748
167905
995671
283458
289999
309562
993203
882834
50924
614937
1225
623082
472619
701781
812754
870452
355700
841849
591848
219875
915197
532664
674316
708276
673957
779902
523092
791767
819696
795489
21487
563686
293472
524534
942614
95891
349100
397760
851793
18081
996511
840708
45219
145161
193936
925432
791252
255549
649082
296601
789401
538248
900407
943644
570529
279188
693598
4028
275134
81926
840373
348210
782830
107716
531797
267971
601414
788438
907673
532339
372858
225450
788674
742807
277387
926705
744555
750344
941261
168
400931
339572
212052
851825
347052
292238
388283
455775
533327
314469
33552
474769
411738
597971
885855
468213
982136
284300
473818
540654
658347
413206
175522
320848
69672
96023
842292
32520
357454
617994
420147
353241
255045
618444
114445
192385
507823
910291
460877
650106
577550
479229
370429
439324
2034
887942
861686
866911
489756
893140
200710
886143
448885
481325
199164
68600
283300
103432
226194
838321
630736
464449
547384
959541
533362
520805
807417
752860
319509
176621
843020
779016
257645
845640
418106
841739
141330
991441
152358
212198
738775
638752
497726
583981
864267
117052
799357
300294
801164
374702
599898
312784
375042
868593
76432
525343
609727
186885
176139
527078
122033
236898
824492
34670
504962
208970
272185
955202
880076
966711
925220
826989
106684
25268
145782
11291
972546
513224
405592
739805
494130
375181
361086
190792
252986
179742
147185
880445
906112
690158
869367
530882
190168
949046
974624
454223
781535
506374
530352
486694
852087
639997
111780
829401
175775
545428
843747
811887
74413
481172
711554
432929
850539
29096
395956
740095
664972
111757
752013
211056
449353
964133
58225
59030
427293
468971
171997
259344
815897
986817
192465
944153
225892
680742
27289
587918
61523
457219
795895
652
263713
931492
623407
719671
441483
793540
958575
164440
41483
898305
555352
754462
279278
446062
931501
490757
322772
610887
648599
896724
654980
788095
925394
536832
515242
821430
214776
58286
881518
148359
547048
454806
762737
804093
126163
909251
932838
690341
269539
83767
349067
365566
553927
50091
770179
917773
695071
418547
685842
233485
372033
783040
650036
375364
623718
30528
892442
702257
935221
547744
270274
568802
36137
762801
362802
123938
875361
432360
509776
553998
863172
905600
421025
631496
541454
266810
738268
547077
275132
136260
545002
498818
89360
299960
176893
419476
237057
972475
360842
795036
365827
360966
838372
669336
28270
41857
443382
669591
386701
277899
749917
41285
72262
149590
181664
108068
185057
86640
691405
740764
172726
221532
372977
706089
676280
42655
224819
987762
24088
936534
979213
50042
797271
455108
128424
588079
634411
498666
580180
54880
722061
841551
39777
955020
712285
917983
499036
679125
651443
566576
152233
550996
374915
26591
960826
285574
82540
285657
883241
370851
491421
268854
847160
7631
735268
394815
293346
359401
758613
24144
895261
5122
871571
509785
792687
878568
968574
770174
996650
828384
263033
73183
705350
475057
449942
361457
650329
596381
648097
702219
468149
993003
791878
592189
626078
214559
452063
832667
493478
141836
116510
80407
316264
628224
730196
368268
824477
960989
999324
972119
75422
197767
671142
293408
150582
808505
280803
438391
633763
269874
48202
719257
807978
507534
774918
555985
17364
137775
376828
322299
597768
680986
697724
105444
192134
298590
606851
384077
14269
176430
159786
986318
796490
710352
91824
318168
798543
424366
401055
139539
710059
389642
962077
805670
489307
622927
110929
665236
514541
219394
903279
656963
701916
709655
832226
530137
752525
503200
393429
843135
508581
119712
40415
336647
6981
705406
542408
122282
421347
458581
419964
964074
108358
668072
17675
232726
778397
434163
838747
969580
243453
592669
716075
475352
787062
66633
118852
607323
54544
365899
331774
326855
406759
890616
544428
295526
359328
474518
206117
764347
345607
585010
246128
331232
120775
524881
976395
316878
84293
550142
215960
380220
723545
422786
919973
7326
358953
399858
572246
173326
27876
650210
342449
715080
793496
899895
328390
847824
24497
940635
699257
15662
782351
163977
171502
497433
933378
645895
513999
200050
483301
275380
927036
585447
873812
326903
40592
956088
96843
293911
435724
156118
236188
342249
951459
538919
899852
280356
249506
124263
266060
189137
466489
127336
70287
365917
401065
992826
848140
411088
372300
981541
432210
38744
496124
371987
685122
419007
638625
585675
548270
727164
441499
277592
638797
875685
942280
98248
62295
834114
692274
431696
838979
109116
693144
26445
352219
815732
410200
541093
441464
835568
172470
550924
895712
843760
188491
963170
137208
48479
115788
10298
349928
985957
155062
208118
584970
707865
344211
576270
228493
454100
483628
334639
634796
468448
796555
650368
681159
630480
165932
884223
826267
863465
468288
609034
244323
547710
502173
213882
200266
65369
552453
41834
912651
163157
636112
595093
808487
250569
374969
853341
908290
630815
458499
399080
667867
962
787270
808293
879718
43190
855770
417581
366984
174785
944670
488068
115566
613255
762726
855038
81227
779379
416895
886334
730604
277265
445279
994714
105785
537466
556078
285146
540618
916966
359147
889440
340707
509157
470909
82785
25422
256489
284183
468305
334612
861499
19654
192477
365783
721550
242778
45778
587343
543665
757167
784219
572831
524957
673047
161383
177875
795246
429669
343657
920057
59119
319512
709561
599448
946318
323683
193112
74833
627631
874773
384017
563729
616604
977194
75450
148721
727065
901037
73306
250794
352469
650120
48548
364408
56061
994346
305762
410570
202411
833619
542573
973922
923708
519807
133336
172175
514176
241261
594861
80901
436170
372810
977423
180374
727014
921663
932414
84751
702826
547988
327737
537905
776165
747519
563326
949963
881973
294413
579629
498353
133493
294444
258251
49947
253587
720466
40994
926299
223615
543054
926853
712636
884927
55337
68656
750132
710239
975736
148366
909703
163846
827265
842837
335736
746596
79304
163533
932331
822856
673141
176558
941148
976462
76643
965926
136246
702581
672007
748793
694353
503631
268091
596227
237195
428881
256102
899865
915330
140426
169162
164110
926891
380977
41962
693521
490578
196183
921238
475188
8046
686395
537045
593991
450144
500988
186285
691555
624584
988009
567761
828034
735172
273332
275368
923403
287942
173830
750902
811053
517841
634540
989161
676193
742544
454702
633090
475601
172883
194496
370654
604439
927015
805458
167841
478430
644752
414338
161854
460709
358757
615538
921572
197346
630793
480435
537672
810755
127617
152032
137611
624655
760055
93320
301577
541291
386186
930307
248253
544185
745040
807781
51988
835739
269161
905425
378637
664725
142273
657445
270281
577553
873441
591187
292148
40763
916850
782671
919760
905740
795600
85860
462171
356773
851463
487906
868253
446993
230765
689330
848016
432429
520988
906890
112171
211748
8777
912187
483213
798482
520454
215655
72003
155594
885456
123921
628598
31795
50582
499469
19188
902221
619463
675606
741145
153489
562582
581118
169753
254327
814093
833344
886125
545297
995979
828977
116888
475157
314076
926293
85
734328
189107
538830
162271
642037
844678
995248
848156
932332
112326
255600
942439
787176
610618
793530
540921
488441
846263
30881
373363
172096
910974
909425
560138
837449
902770
438560
949263
23058
618100
719523
218714
288362
36509
410718
543122
626613
933591
690483
35100
13900
459096
542268
823582
291009
871420
103955
642799
134528
948095
395598
606429
21201
957588
644296
135898
27769
352420
9626
511299
772288
539302
397609
787918
511758
952151
9433
40784
29551
544727
975008
969961
690230
431776
773941
631053
119741
173795
334886
379183
913226
2433
750601
891339
912525
373730
922058
342417
183557
670710
56164
427753
324739
942662
134443
846311
769479
353206
900869
419149
155782
141337
486905
698167
201101
210609
360735
200615
37951
680129
746743
153773
218042
535761
43030
902195
949400
139198
786939
775203
259602
999035
401984
585461
239870
915880
941612
207640
143929
874765
255909
891516
30175
177715
872707
945338
343991
77151
309247
236321
700908
901100
318026
436638
184758
619204
443322
768647
892696
718970
885855
17156
621378
460103
878836
707802
58134
369760
607537
342869
388999
580144
935166
8274
729822
853687
37633
539302
806039
406271
675416
341423
370152
148598
226211
41397
864737
379309
696760
799547
817774
406060
608954
120744
523130
22703
34883
150157
366190
37313
188286
162451
110935
433076
764818
910146
448294
26875
677305
195120
125584
966500
291119
82692
763798
258292
914757
491750
365151
27168
373524
802821
250433
882342
415247
873156
504670
94791
85938
279554
162091
162465
86231
46276
466892
708204
876199
761153
975195
828305
701933
953995
57800
48546
662918
150101
339354
389050
37109
506597
992276
892978
504339
194327
262003
647997
307171
906379
710355
299297
909764
238828
844016
38419
262143
575710
639370
245229
7552
906883
554850
435790
327522
207210
249762
967566
144547
451797
842073
477532
372343
58150
557924
11639
212728
252005
592488
348805
424826
655664
290299
814739
734077
451584
786402
686570
453372
127764
828341
575946
451298
336380
480415
230534
59548
86531
286914
164667
412361
853498
638647
384110
297679
195805
976371
66626
216519
289829
216517
873938
821848
64809
592955
545713
900321
838705
219493
966843
590864
524185
470193
313176
61584
581919
746997
431629
729183
374217
950860
812990
83709
853174
251031
661252
167232
893951
508069
917607
940421
715401
420973
286200
426369
107114
439928
374542
706677
193909
245340
828571
738624
738916
523426
125161
260174
471457
374793
146487
134574
263153
12068
670186
736386
416509
420894
431474
567759
51070
555486
100794
236212
687237
358149
104523
52792
765733
192148
562942
523068
525566
411947
443740
617551
45990
432108
841044
684384
122741
209470
448215
218318
218349
521326
657492
940188
231300
177967
953163
774976
94544
811394
814928
942938
237454
496113
935263
696770
149839
29109
12822
821882
950016
103735
964435
266179
676756
286899
592746
284299
404560
490681
836227
588355
975987
832333
332367
336719
24511
955375
328677
890647
867560
606453
912701
22011
248856
806228
906695
913699
4765
339581
931817
578803
289520
522851
260756
834846
15651
951259
702402
127442
188710
865117
756494
803985
454517
90343
604079
665888
494498
323329
867602
212952
409146
158299
312404
852441
544599
37202
485017
284190
619586
390801
390667
7596
770754
872340
668467
738789
272582
548744
24429
620025
970986
716751
439627
70716
58025
255712
342857
840658
175072
638986
10536
320326
532667
823704
513129
846266
864958
373456
28135
257401
383410
690902
997905
214056
977002
162862
782531
271707
210224
399135
582209
919301
799249
294450
864016
471303
957058
404186
133872
935785
431086
412781
587897
388582
493661
964816
13840
158689
891266
761778
302727
885110
320865
498991
721103
183916
835483
253972
325786
996486
315223
217538
143057
246136
184975
803947
4079
736439
859828
816826
506552
257513
418559
943759
475738
221500
808982
687656
254238
554899
124247
458779
222731
868250
374403
126591
407192
206266
923786
518955
350923
334760
475247
893142
87794
970456
609303
846238
236285
67984
113716
412068
341430
909015
45512
449364
651999
449292
616217
260098
41255
469714
940336
893808
485704
690409
953229
837676
965696
598232
262378
678806
230185
358790
230762
367423
218615
15145
208798
75053
448526
920085
846196
98236
621502
240566
191677
137183
166108
55001
798873
885763
948286
936484
371586
556436
45074
998374
941617
23704
767387
348809
524336
874234
396618
455140
499965
320930
279797
98221
473944
913343
921718
447308
501482
239270
40995
24394
634578
84
992677
937960
102797
91983
298167
349068
547200
428331
349437
971543
392101
559017
738558
96658
18576
775994
873024
256070
714909
246945
612927
195370
127352
907062
849353
779831
867529
720774
827833
801688
332602
487896
733134
452349
18342
88139
406311
289295
538527
374299
999517
69182
63580
849474
474493
543413
770174
998651
36128
155311
176061
915489
910505
906147
498355
236086
80219
31067
466053
547521
390804
601443
447146
288014
815914
335644
686489
189017
185569
736560
218515
914181
721222
152096
356874
577799
277482
651897
890541
618080
233854
248165
687249
256903
940552
138653
110013
698916
629888
230460
14674
557625
343945
831471
689045
760540
544591
193929
21659
626783
265977
146675
491920
633808
592843
80256
513443
691227
632284
312543
946577
345230
56046
84906
310925
570357
212975
18011
344265
919908
800907
276125
637604
733587
192108
345024
985840
638947
964687
958855
342110
558783
639748
625436
670793
460446
719170
168484
48027
20452
573412
311084
136032
483496
974660
364866
116389
733713
871667
662369
574220
644761
104466
427140
762928
466483
491856
522971
309807
130569
774656
123483
831512
431262
272085
873328
155314
479187
192445
503630
673383
657221
522584
699045
461836
280723
702804
280307
15630
640189
528359
248115
87162
578664
339815
430131
703016
580542
673545
688195
408581
798962
506484
760457
893628
473505
622785
192242
194497
195604
820370
283331
942586
995938
534348
79949
778058
359154
825138
899071
330490
152735
969375
426262
474694
443508
926112
923887
954242
245462
724267
699068
343719
35393
685056
737301
789118
547882
878939
328742
50344
888388
820819
918151
154504
566623
430098
585769
318477
441898
826993
811499
258143
448729
673328
511692
715493
963298
326607
739899
147121
165473
662795
489611
637513
704667
322552
34178
943443
744799
353144
797585
274588
179336
250901
220701
205765
368352
471105
63420
449610
961119
616871
554491
2480
137105
299821
507228
725195
264853
888777
317405
199401
623425
842685
978035
973022
700195
875248
454998
693485
784483
272683
656245
192656
954948
304620
710987
189541
157577
789098
238921
618933
224372
611174
979699
91233
896617
374635
351495
697003
461426
645986
14359
283102
285276
563732
216312
920603
58942
19004
408275
868802
516505
87048
210649
245497
956315
442988
688595
326364
236926
421283
607959
429441
397261
894084
431574
686054
435591
44029
648787
844026
266076
84142
729134
700165
990420
348068
810014
119540
247247
370800
499582
393349
455079
748196
139198
375115
40753
327337
388410
641758
68067
201024
918567
876707
978831
325203
189674
300340
292942
476471
524611
383275
918776
386241
91110
317328
138895
786242
448362
715100
293947
159776
291866
9258
281264
90898
515306
751609
791596
650487
288707
139424
483164
958612
216703
261327
544222
656936
917041
673533
673249
333486
963227
19508
848937
27439
223619
327861
613487
400769
900767
21768
643429
131743
779245
733669
864599
473254
829983
772856
250669
738410
600884
106773
204045
421107
196514
747512
659933
279511
274735
987767
541350
469685
270879
154374
913300
527883
43080
572519
396826
497909
607233
56364
405042
534019
126777
306794
866114
680821
11044
111356
998938
566102
329807
334257
992666
226034
917269
80723
451889
844916
477034
208277
103808
54753
537364
13656
787484
974315
516026
187354
625267
298547
55381
264635
838790
366430
91011
373037
213588
574546
631674
615480
843479
445838
679321
630568
11175
634148
341338
533204
313405
485779
692644
413323
811539
539077
739645
630620
351142
117665
485021
261698
272349
762958
365790
666794
171972
614534
124751
300515
289009
936914
860903
937761
336263
809512
864854
153518
395033
454173
402359
394094
847718
142088
739426
568013
585794
524981
294751
551239
841238
337539
66933
470163
465278
858203
278432
614765
619408
298061
293408
988351
373820
160008
119790
886763
997391
16182
336586
618551
584786
84850
796335
203798
434063
221223
141480
869391
48947
899846
352829
624460
449871
215395
521989
551298
300153
552109
634847
517431
800015
501576
261116
24949
904475
484617
799635
375177
722962
253709
377016
675768
674679
318006
204807
180096
962909
398531
545146
51782
76745
489291
892314
416225
173877
327446
146131
309313
192113
86360
392224
726653
422373
253067
702885
801337
502129
695720
882139
287728
479157
629121
109093
779044
716140
193534
371778
192287
743795
463794
948316
263396
773608
939545
653373
577719
592622
777073
764961
11526
534924
656049
100518
260467
784885
737578
688415
295615
100066
950777
974409
428948
730011
189542
525909
772719
521750
197149
580004
992488
164086
595654
321361
321439
867508
570819
873447
66309
544731
463302
636531
308868
84781
237516
427829
785164
930467
104057
8304
74107
106898
286417
729569
776296
569641
615504
185676
806861
260567
444648
981041
93070
324105
230997
975966
185642
880721
943518
828382
189885
569506
925290
86543
970351
268024
920763
599761
467261
361109
411020
537307
767394
118437
3203
911143
394913
620867
491987
59085
100914
233812
241650
357358
770439
586705
944049
358279
646777
334627
526269
208357
20244
665511
570032
356151
173307
729425
808405
436095
986234
243436
198135
474595
377510
952767
728804
614112
141363
572876
121027
591006
519570
860146
146191
58334
747652
70514
305967
204431
848064
730382
945972
266689
146237
140877
508782
345713
705693
353436
935531
817794
417142
174158
262029
621069
994621
11972
646663
613391
29009
648808
10164
849153
382562
357651
890452
146309
101500
508559
786851
924156
988852
465526
888728
803444
246893
551865
580471
571135
560647
427901
337875
653215
888486
50975
508964
566365
828506
287192
599296
614264
382384
999804
804345
854395
799252
635421
223572
585703
201249
599628
220001
928528
828487
657279
615484
438276
586072
635022
663710
401701
24879
215320
526432
438168
11837
372546
44430
429270
263985
272095
840740
852256
169540
225196
442728
30735
73630
816434
228067
962313
420904
692302
275901
767568
470575
770957
546804
234420
778033
589233
659449
92265
290120
960913
143079
86259
603056
709340
790560
409726
133047
36030
565510
725770
541632
237403
340691
902339
85043
133560
106390
638126
981253
510777
334923
597504
267551
285893
527765
611913
958189
187845
631386
96909
264070
948492
604411
98355
240691
87185
856815
541399
945502
9367
152123
359930
681305
89453
84176
812121
935559
293329
728513
109275
950955
82544
82335
39651
201867
101065
612914
513862
290176
240687
813270
111574
616989
254765
828465
871517
985146
574403
20237
641382
16220
255567
666774
490612
792898
23303
345457
920086
958606
245539
296822
864914
377423
453144
502028
754494
838439
880126
662176
25455
779997
16979
545026
12616
544130
969688
498716
281652
33144
232601
311823
976814
485475
259210
630635
959549
819696
153741
311243
772286
445181
67793
804747
63705
158500
341140
879976
538198
590183
848712
744242
631560
557305
789204
271984
909863
632999
984433
378256
118204
49314
336437
777865
161333
588713
135341
949199
529624
499223
922146
652338
567764
345798
994238
547284
613107
462175
710984
402629
101612
267392
334924
965373
378006
783880
50454
472949
677366
60930
507036
612194
563641
851307
826235
994575
284797
532001
1946
654293
598665
916651
865707
652794
545182
108255
239120
392548
131685
952500
802458
732344
306311
842085
925612
720148
933083
709117
820030
906085
49594
766661
400381
792805
623087
837448
160400
979700
723787
2432
191990
422610
462357
108831
992971
913335
67422
7483
546282
654287
699761
47190
496235
563286
664873
12553
235021
138699
192990
836365
426287
528916
646263
115750
411385
333038
180515
767917
949720
20942
669027
251512
210342
128921
24703
2920
991207
50749
825881
127566
788207
758122
591198
883322
750498
317873
232792
982882
805588
86711
532768
7340
155727
736149
275185
958233
157106
504656
325208
673997
729846
450416
431688
977023
432140
986495
730571
954681
523746
167775
710034
352204
905477
410632
342573
510932
242849
241950
764630
493603
719203
878251
84839
408077
764863
108094
902124
598352
936653
530015
17363
349789
326350
688749
852160
97991
62413
525975
723773
719495
39009
122739
796687
974634
477519
692990
639971
114840
181388
607793
843559
198145
242528
475964
466806
329445
211173
124065
513131
836416
463535
273072
311383
259409
129030
398747
553101
844486
902542
677813
194522
375878
956936
733196
102610
250586
84721
559327
124933
529785
739336
864893
242449
126894
731821
469501
863889
783784
992101
771924
160243
308254
292986
787798
532776
26653
89599
745164
844020
936751
312561
823982
337957
263466
367097
230269
326048
766930
236431
226943
148822
816491
273272
382232
127510
78816
506416
443202
749949
588681
88674
671657
965064
315037
653395
243814
78154
118132
628639
829461
822969
817526
529372
273365
665570
808102
333147
516187
449725
73477
573965
618419
217435
581988
583169
654677
722427
682442
79819
736480
577597
143357
935425
225909
593134
663281
619871
29555
972610
716426
586058
328778
711519
588176
148081
320894
247829
975854
930960
417786
234604
163175
803023
532046
482135
426262
923335
584519
135172
188191
843108
77098
270421
639480
642085
506573
366056
380750
561088
265361
213714
531989
858787
695423
452267
128815
475606
763070
407811
65080
540284
579695
156915
248172
286649
478629
19341
2358
120557
710788
194357
609942
7837
443637
389961
611757
241587
913603
844412
311720
895580
559509
905600
321415
369423
11528
474209
660617
465646
350056
862383
545654
451844
804428
235924
416968
334895
279307
509380
849975
443159
62750
513681
532512
550300
62484
235614
373905
960910
471788
401260
882483
317525
76050
467088
697300
303857
51385
204293
171985
205788
308625
798046
785309
466316
712037
723220
554736
704085
584469
220029
228046
93610
444843
918750
719346
997060
470491
266455
147223
812571
350684
979004
33636
619409
943709
826117
258930
712558
966246
681435
803259
371526
318028
361618
404896
586743
232208
846262
46614
309135
448021
520254
335279
353930
764029
847262
967873
630072
614047
227064
303477
561789
669670
607922
773550
49586
878473
139171
400083
766378
529634
661990
448123
101583
942254
85585
938996
506602
866848
668160
424048
145473
208290
116874
980621
903706
435753
817237
183295
533086
857203
177030
202268
497945
362656
271568
127556
881182
761706
947950
633899
990472
684995
82412
895301
134490
646026
793694
92749
805768
399593
714292
179633
391311
358861
206950
27229
889023
701507
515785
830882
90329
699180
838916
528259
163475
426013
566556
28444
352376
817493
926442
914992
87340
137499
46063
801421
719309
685428
375806
918494
942134
859454
166103
41357
654109
856876
276
449875
476
90399
570364
443165
261069
433629
104630
419100
239886
226160
447575
602666
916131
294558
450780
994964
319739
568320
330739
491592
140427
98625
42996
974172
303959
833269
723629
415352
593615
741395
706650
616802
916566
341393
228020
120100
404573
713498
605536
511452
136494
575919
610184
45024
795909
780119
21127
422347
351896
89284
740478
205609
729080
87556
33668
950587
221392
97696
682362
320743
9225
385429
697019
635967
272528
273324
298867
51436
880943
959544
342855
646903
991000
99436
697202
241907
883521
985622
630256
379723
232360
254588
43474
720932
972600
467025
701810
829486
555076
149076
31681
460300
852976
476294
776572
507485
831023
860870
589309
966631
522470
59978
832750
757600
19952
757336
499352
73787
648047
762137
263366
384207
280188
819700
290477
946863
53821
539907
379690
596760
20134
931143
266845
288614
564219
115360
726002
858134
643825
952344
254155
109798
528229
828057
215563
666585
3571
76479
85058
163350
386741
820872
649136
89712
434712
731112
55288
42689
606876
231161
314851
63343
380072
12112
667213
512784
953735
225451
336432
152170
309635
442054
393867
620499
500892
201869
910766
229367
885925
97707
391589
349816
290300
509760
451838
662256
892772
381426
772025
400978
642049
538267
756556
115502
85039
704416
723856
269459
32510
661025
792459
696014
125582
117900
575130
384337
546628
727884
792891
771567
962086
393823
266357
876804
360857
320582
889060
432818
54132
533077
433573
92742
896064
639722
810010
208120
946574
421050
510362
61073
106485
732295
850168
125799
93287
207918
144367
756228
446064
506268
658215
315301
257482
48737
126310
115806
139359
907613
736598
587227
645404
815638
786222
687745
665069
949868
961408
63410
466779
604388
479071
118319
541632
975072
329835
594201
952867
765103
238331
466960
233588
966145
432869
578236
658597
320307
690348
408426
319074
88201
486471
719886
320303
438585
739978
437223
112477
870116
136948
573952
726057
212192
899092
419474
928369
85104
716632
162631
360340
453781
246835
40665
661093
899133
570410
413017
695434
966746
914684
247308
925623
629966
469484
205552
591491
330114
93676
328860
680356
893078
34472
697605
270284
97843
819116
599196
167071
608060
793010
522645
881999
312802
944844
955459
989014
69526
109290
142175
449039
501658
160393
282856
99698
860785
240120
902052
646506
796661
218632
304900
470101
736007
633104
733285
281367
895776
747802
423219
347291
225094
593646
148136
260135
394011
454008
903538
232027
855504
230168
759283
809542
628982
498503
184994
380901
385525
762465
638351
175161
26709
606163
352515
432324
376186
8225
333893
1952
539501
244500
54393
809723
48788
326655
940260
495730
566852
971693
663627
601225
466989
54889
58296
212101
959412
279978
814366
12518
174622
760344
419092
401157
246119
242815
273661
853061
50227
677263
703881
156089
62812
678477
368276
903762
743594
650075
139628
104387
361760
649566
556528
531763
776307
363537
432915
886878
619286
810534
183168
910921
857520
130132
545304
739616
685039
914882
810838
518382
89910
996110
984916
525943
935474
898490
739943
731573
558538
496371
378404
189230
496053
821440
291014
841582
594661
69508
284008
554214
428385
839407
307180
8737
708080
739783
484286
109791
549169
889678
870579
626256
303688
922833
22411
975406
100339
299789
716821
914807
668090
539646
901554
817862
438597
511493
549425
959245
110471
194421
31642
437617
101016
54842
298374
426178
998369
3110
426731
873686
515184
493401
233654
540353
292844
282957
640273
276914
708450
539836
162756
184301
490685
407086
444343
183584
42517
546466
643478
897317
871646
568344
186125
16275
499649
7993
930482
852609
495367
676772
854659
978905
648754
483990
813956
545812
600742
114613
460043
287063
875716
651449
386199
443370
700952
49464
344410
907153
249384
660812
909783
614985
249837
866339
703526
899168
362782
10850
314325
272625
227943
563319
214825
629307
781305
451386
338690
643166
378491
737278
97436
441777
784734
66298
157873
752194
415822
626959
695612
769963
57668
74998
561113
773389
128504
148296
105865
987756
183476
913512
627857
98599
43908
855184
955777
290706
342089
980087
224402
860594
981805
129308
354217
51220
742769
257842
261624
687690
812707
299304
867268
620483
333739
615828
989953
847494
909443
22523
114713
825675
398599
888191
21387
386102
920994
933798
866608
126257
747112
159235
227161
375396
18882
480003
532757
12372
552196
425430
902031
755285
666843
949495
418003
613997
403490
858970
782513
16199
324883
894386
598522
106193
892250
92572
864936
586610
904389
809643
230298
766891
112536
182032
804924
931785
715006
952358
33349
255940
451546
765144
677914
627128
157178
746416
22160
174653
100973
166332
348558
121573
698859
387742
739025
497489
228147
372593
399690
383088
929010
370260
729698
544149
557663
63764
868509
904372
408036
685754
106908
610938
205494
298157
830845
817734
173189
222790
209053
709063
113999
392815
712637
242803
719823
687926
805698
527585
196180
811892
149846
579203
882796
563540
619053
123460
930495
932802
663010
657978
811575
42034
923135
18056
896285
802186
190363
767827
922943
93933
598430
689375
106893
4261
404768
855621
342404
253740
985776
819795
636994
287959
673137
6016
809463
160032
328030
469002
959356
603726
37805
167598
278206
26115
794066
382723
413139
751394
845146
12788
329517
788059
497848
938840
754668
184916
545245
188208
298509
803829
920448
969596
31680
358608
104445
998650
934040
417836
167769
725372
957916
76269
297956
287525
542970
499041
229431
71296
348763
359401
863709
14012
539346
521154
996238
123336
619757
486895
479831
31751
508654
737477
263893
124848
853140
835026
136223
955845
475026
39083
534852
594350
890849
865425
58666
895090
303409
81919
147413
981521
469946
212499
969992
172992
506354
567062
903046
739713
842071
985514
190833
460063
233451
378831
817684
305539
747968
488914
210236
404086
148521
349138
700928
432244
58320
839152
164770
134505
312550
721490
786382
92619
882677
907860
203071
573715
753425
301069
634497
48473
704301
427577
193169
258571
641673
8392
916960
877833
480009
995266
80694
628256
877217
865493
100276
391394
526637
174653
966130
986271
890205
110094
451911
753154
254990
831009
884582
326025
209651
758809
10853
52322
428786
950929
722650
360479
569419
332388
777502
833046
57267
525592
170483
388632
838527
540327
235714
380364
759484
83884
854268
67495
332763
767271
481123
415817
348809
454636
250145
186359
643165
903278
549846
164337
45867
600740
376559
639472
212213
288470
29169
188222
365761
93126
331478
655345
750278
811005
533390
2885
28032
10481
24102
176021
806691
779536
264326
560950
27756
711275
774036
714033
365970
119746
507575
78618
330268
711400
595510
931601
942796
93075
308350
609877
306873
64834
848898
363776
332026
585867
364989
217379
439870
497792
529619
32766
205945
332605
327381
99676
606649
985425
255972
770313
338135
771591
513709
977713
808968
372560
630290
126295
709011
337678
69481
290158
925277
843647
333405
350936
69344
259972
437042
655096
328570
306317
113703
800566
296866
548964
275124
31182
676981
565074
52083
36693
125742
16753
601307
40650
386165
793488
735526
904789
459278
228604
259349
980767
203890
782897
373578
665613
735483
764253
445778
560730
647608
489677
750150
317583
990496
856247
279174
932450
725028
778083
2598
843241
807261
685110
471205
575161
621477
333340
946456
96735
631809
777617
439398
311994
685884
270989
108844
92211
634255
193674
66369
875291
306683
719987
541587
172639
386041
759082
557616
283882
291337
137014
85473
597912
53800
383752
994417
679442
978077
331624
49803
586122
187761
397697
705409
655061
345470
499205
981033
597408
567584
468798
207714
974160
512393
186227
715124
782522
425393
174451
333653
209147
439210
70720
799432
427830
419409
310363
301921
397288
240416
251753
105059
933481
773537
220671
924362
465794
802109
432463
988132
474149
655091
961902
987161
63757
600356
643905
621068
540147
737034
719556
753434
403754
150089
664374
142144
937880
92702
549221
79769
821009
516340
846801
774340
547409
845269
820032
932196
524438
685373
561309
116673
343064
714827
221902
199691
717030
740881
103121
763967
866590
738186
948753
250147
510537
642411
84363
932267
279377
407570
271511
549694
400287
343387
932694
39122
441557
438802
851831
466995
656805
441346
627941
759971
916620
626860
310993
376220
34863
652435
118871
771313
301264
795508
26639
30802
814701
35604
495283
759342
205237
462385
901928
73267
551656
281370
634539
790961
220810
450907
420889
579420
933315
773328
296987
216880
653398
774362
429420
205551
462652
352176
785160
459974
77724
709453
513714
878478
738602
68359
14626
532270
500633
203968
542410
474269
22974
805365
978756
423557
71171
500596
397786
327619
800324
7722
833009
790859
109705
754970
929938
323433
781856
267114
749590
356642
639511
806232
973742
44537
139731
965833
806733
531725
432848
430722
525682
500959
42166
70512
318101
135282
429780
334369
10221
818571
754747
28821
108316
518616
115898
882223
38648
334445
756721
898694
899063
832361
772436
673561
144630
70775
88318
8287
247142
217777
511215
97019
676884
490206
671908
879118
840851
782108
174994
811559
385159
148377
754750
269589
166545
851899
329916
957278
318354
70176
308802
364360
778526
527551
513383
732948
545471
636141
284606
765002
546339
737660
782601
987696
606883
622462
46684
781204
560048
539111
627408
466313
783580
238032
919008
722286
632898
34264
33763
216233
583572
760101
510182
492531
968255
620040
355429
324941
65341
333375
439398
833425
607415
672404
436979
373667
942612
476706
815794
632070
805154
432503
423778
67915
367776
371925
896628
390628
163813
463699
692740
580438
427249
406049
620850
343629
259599
769129
65953
81865
86371
502928
974156
537910
794069
352795
497600
841434
294746
110831
370618
414120
226460
327408
718237
790449
144902
828043
329424
958010
194221
201168
921138
566056
650078
36663
264891
702744
272896
869956
350128
944331
490470
447748
488130
872063
383476
126775
272196
267225
358634
958344
277831
933949
334610
753463
321812
962560
443074
563735
246470
250101
371407
530419
661633
176484
883278
165452
814355
514713
422920
516606
807269
465240
618553
738049
643165
15150
27589
934538
405140
317858
334328
734161
176751
332747
454776
120750
103836
812091
531018
123997
485611
462553
90237
49248
705734
159693
113974
612484
846543
356244
359193
340923
372820
561331
891410
896936
364593
673863
284861
613050
625219
743419
120120
189423
653700
86420
830402
871674
397064
307174
253904
23552
400083
699434
394860
393787
42389
928295
887690
13313
325315
268684
557609
994655
347538
232096
670498
176031
263570
769232
225809
828394
708838
614887
217629
326342
711324
8349
43493
441407
115629
573958
943560
318756
206546
244075
850961
559657
449536
393590
348030
371434
888515
209606
615851
941903
363251
308003
780384
679242
120788
210507
174388
737533
73424
288171
246876
43833
214921
68905
682580
219682
909406
378078
214056
849518
749052
689697
300831
725324
364766
266110
84293
552673
244962
766918
634708
542061
805001
355392
852862
641932
428107
301629
843354
859673
102613
960266
107496
177773
868320
570430
712770
772101
965807
84658
548002
344002
93733
220688
268874
188681
227840
466372
234516
372170
808374
8144
172374
328606
816938
388668
783665
541898
540619
849130
801655
677025
585290
886408
848054
906629
199478
524510
256997
513742
913397
812871
284586
938627
768353
302716
406534
871236
938812
387660
847390
852235
375442
788456
448167
676487
215530
673754
559916
202216
919336
968022
204991
347065
886402
640297
148794
747942
108317
711758
850416
805791
372931
36319
947382
560853
865283
556201
914695
451874
206246
850776
114072
745733
557193
383185
570169
50890
888412
240735
102053
20232
369845
327492
374758
209604
747986
551665
61543
273012
391593
616850
785880
439069
93870
279872
424824
145501
44065
38618
358338
937413
625488
780014
309814
426590
221808
742608
495938
710029
780436
585869
90957
541265
567816
388922
705569
438056
338317
834085
199538
863377
313648
627821
448911
828013
705609
942190
490468
164799
142669
579348
942313
542610
712465
669201
572779
529466
756124
136617
984437
22002
267239
599146
293211
478565
900595
436538
904802
420104
382215
661192
446031
349028
186885
790501
547531
951281
86888
534827
659567
90078
139293
654171
728434
876142
602106
383429
392684
923836
822239
774496
830086
621215
17896
583097
257089
921384
112012
116744
462623
864328
539477
514911
367538
622991
965436
598268
560511
741199
898976
661501
385421
167199
75683
345011
797328
403323
571489
940175
583789
920905
318350
429048
153450
826038
506731
46207
121140
793087
394085
253738
584843
505420
995274
96557
276686
523190
430312
951415
466014
768874
638916
864871
239218
90917
978164
708511
867959
378335
358426
887729
189729
847620
514557
421367
261459
281565
719877
169343
760807
464654
700179
206498
290842
149816
69755
928182
999703
854206
740575
635481
623262
541669
889257
246190
200721
476629
772900
295268
312859
955068
435576
146673
585278
853522
294784
289823
793207
412663
739913
334205
531279
683640
472362
600182
941633
770864
203131
418686
162691
610891
706803
452840
98099
318374
636898
403412
997855
682002
518983
110598
696433
702072
302031
768787
91701
51990
24619
623477
886217
134823
878092
586429
413792
240289
590206
271847
63794
9816
992670
750985
960516
309184
397881
905958
43471
765647
755715
207583
687952
654913
250225
144201
159915
426933
828531
289818
429309
959733
656081
612412
399357
760851
233697
546244
660045
752878
315555
499388
407331
628244
441657
717596
84750
584194
953734
468504
491112
517702
525601
832275
222487
836933
232886
955825
329407
306649
816377
97802
526984
688914
392904
475066
548679
263454
382749
90261
872779
837379
426028
215864
462918
849928
842015
377274
879511
313716
182316
22594
296240
159022
347983
137650
122665
256643
635881
699009
135968
360134
831989
199015
70794
437522
43683
340849
789211
733675
813971
258804
166222
396355
246383
441630
664017
334040
999717
561960
205393
623482
493376
753063
911709
12203
530466
405698
752953
678495
165984
782590
609730
841186
836922
999477
344184
895897
451893
591526
175085
678880
173975
352613
631881
194067
32127
479859
564728
906984
381278
270184
236976
803386
969302
305997
315170
865184
235245
750214
803580
359740
762669
519340
487961
195600
740700
262073
356294
238922
228243
206941
129138
483872
677950
542509
465969
681622
669231
35515
88045
311069
152095
74304
230058
589077
387201
338870
380147
150771
431236
492419
207462
477374
94438
732495
509721
167667
69232
235830
229160
99785
429074
85849
461917
227919
780507
446415
402170
428465
627988
195833
880677
457113
783034
87156
738800
583474
345367
334951
752965
352967
108092
211323
717035
581386
696541
512938
877303
987185
588745
607985
971153
194811
53444
272991
414626
664913
110147
670288
806039
516487
429187
465075
770965
79425
901702
138758
24633
749298
242859
423779
238986
963712
977577
759732
660798
685316
361127
450627
404261
58669
208827
242668
894838
380804
68030
677619
435125
624842
631177
152882
976637
409661
749966
46315
169839
829305
711956
126908
209399
688700
559696
851440
694712
764546
404125
405938
712596
964879
136089
853148
895641
280139
546651
29805
937419
428871
701652
796377
43274
963934
520193
539835
240608
269942
41994
46694
705705
319974
239866
283481
38495
542961
793948
907856
945537
462449
855470
941047
258848
93903
772549
52986
698438
413167
548285
135095
207363
34536
202202
894933
363925
34224
335424
525102
253491
330455
272971
191336
736950
224490
664268
327201
773797
999416
830241
151048
660315
265073
688
559177
909335
639274
68479
767328
902496
82492
673075
360207
851859
773261
444964
579498
134795
120038
867929
574544
962667
682243
245861
329908
131082
612522
826589
499417
827388
631027
416116
23004
800633
326502
459126
925291
605933
93185
177309
834004
842460
761496
487955
904056
666799
226839
3333
957918
643614
975652
318368
35107
391996
85599
557804
935503
954202
19979
407041
969988
943321
179654
69801
246160
26896
550644
131348
277537
260437
997114
459826
228888
701100
419942
570097
717942
93002
440748
554579
125235
911236
748108
57514
338733
22681
711311
5939
396157
361688
175727
861837
544422
218288
270102
579476
578791
581010
395967
82847
135472
604804
186745
170258
361329
282885
190282
205024
712717
791449
715888
748000
271533
418480
550275
810443
911986
610295
971894
214672
815042
882874
395772
477716
355588
55860
67847
966665
932774
289397
907051
205994
395611
21422
128609
234704
69283
150556
147176
360372
141570
317327
633158
342722
630610
595286
484461
489878
794868
434505
700984
291605
250466
972339
379796
56683
889376
992346
753084
8412
366609
944491
714780
369353
843558
102151
926743
831042
23281
186660
138276
4162
834840
791329
379731
938699
952804
722795
636398
740639
932665
566725
939066
57752
621152
987895
348125
881573
315072
554325
3865
838049
277292
290218
8630
632657
242774
671042
257535
126586
313760
616209
211874
182365
28691
473539
988027
362896
465833
728545
683306
264059
595204
119516
67360
339115
862018
820730
809977
279126
280488
373338
426371
908524
147323
869605
732318
792534
938029
503123
687163
751821
865460
36055
579462
375578
111223
694313
614752
230438
712610
361902
890565
951613
116314
415813
31693
996067
163466
501296
57678
914835
560858
815901
830750
99728
392449
639889
751542
797674
715377
637680
851826
431888
67889
290923
207861
327564
511497
975174
445225
611871
458838
746244
787876
536889
629885
754354
78054
236117
846716
6414
422975
234351
525340
452434
905037
868259
313603
286240
990371
429347
915174
675019
373382
452245
814619
807103
978961
374919
342476
892239
88696
842704
510280
762329
652265
351108
707891
931416
800142
377043
2526
493062
128495
538558
522673
74220
479925
828599
149573
786631
794441
80277
899726
413016
350363
118577
660533
936329
380927
444832
768644
940343
984497
569868
18043
455584
703289
884401
511360
489579
345770
860722
118770
184334
901316
885077
698910
418463
929977
376738
135754
257083
295501
86291
355759
754573
937238
730744
387909
691900
316067
521258
291062
910771
946361
776937
726260
143758
170489
450645
163430
788190
33373
586501
569533
329241
279777
492616
472678
990433
329214
908726
278104
629807
584529
738097
337036
52956
80795
871101
239501
429580
989217
615674
11813
753335
652148
628026
224119
515797
491275
886979
413355
571942
414796
691490
511299
683867
100649
906346
220493
175460
194087
467208
165873
415511
951610
362180
207210
309817
312077
821334
560465
986157
814686
467874
397653
664630
788101
355858
623943
594603
348372
644303
326354
491958
944410
552284
640648
99080
261314
862351
5143
382621
948121
466540
303322
331303
221805
565471
322828
98522
146384
359062
139991
730067
985468
620537
88458
431718
589456
837703
727274
592898
484857
879758
813471
739459
447340
651847
522575
113236
564175
298635
383304
929215
39351
911286
192791
274387
255884
32791
34806
987313
185993
454032
281889
651443
577376
125713
106761
583736
133691
280875
166050
51216
195228
70995
219991
919361
710373
733238
100446
265908
352436
32499
485157
22335
714022
176954
354987
768912
677885
520767
528172
236850
151068
573018
254772
233407
184623
788606
242901
929763
382951
628820
515444
548872
208547
181491
623037
134563
35498
498366
776567
769435
326229
617179
558769
997585
992138
218699
2524
536592
54946
855467
496627
350419
711404
786182
52948
428205
704779
43285
194098
126617
142650
978644
800036
566238
214896
151425
933013
375582
236255
299252
256158
901500
19286
930262
270129
138536
299270
956735
363244
958729
951137
191920
524557
996613
795422
416745
726213
963632
687897
169449
460901
861838
703832
300992
135157
920007
234857
554066
540708
473702
145767
956074
994649
435405
586779
875960
500648
138873
234814
24297
976928
112942
851804
211937
401985
235647
536469
688344
732938
656188
155134
821006
964849
550264
303588
236780
49004
996917
730416
643129
186476
6639
83942
796661
310250
78786
606536
270101
383962
374200
94615
594204
674491
832115
510969
132883
146960
183539
376246
686757
411113
152645
726812
412057
488922
998601
981827
483692
685197
331550
428075
885770
538612
669612
287297
979369
648918
564493
805889
937091
389259
653016
915573
796910
595971
174540
201947
138393
928192
430870
223780
450149
858212
580223
23769
232925
773796
714422
994456
939412
973532
113397
14205
501018
477437
598929
977820
233626
965537
749923
801898
505939
545791
679247
405435
86321
407354
465326
227493
103687
727828
350364
157060
439084
412672
206943
927191
358191
887828
666802
851848
401911
262941
168814
444489
614652
990477
259092
583770
432924
839247
335801
636391
771099
295675
353678
296461
582650
909029
396171
562109
259186
839056
740792
990905
357069
642304
977880
209852
899234
932717
142322
815607
444715
20755
545213
256437
641540
838758
184295
893855
421955
155939
560706
553308
850478
520578
427211
100624
559261
424840
532889
557638
632365
234681
392415
576808
226974
352554
28894
411371
597834
343027
601770
471560
12739
765251
831766
783396
382535
317839
283454
232529
774306
8547
580466
276525
490017
33177
574778
354088
390190
197222
332235
911844
526029
90641
406980
518069
556338
167104
690725
535815
633468
586795
566797
408223
480530
293425
49645
51514
512345
306313
97743
954193
287951
262609
339645
791614
1927
406018
17295
132408
445441
399429
762709
667578
545893
311326
857500
362179
791260
62919
274337
222262
288011
943640
572688
291617
110957
494881
147959
61850
134796
925402
523532
285574
927644
176114
546135
79027
447604
781507
819005
218533
159530
670183
820203
893166
409865
209828
431515
365110
924594
993986
542854
541467
373196
298430
183782
143665
878185
591767
716391
624618
180023
387909
422441
127249
988767
299081
203252
638641
388797
823072
863673
378002
498749
912593
680321
975139
724878
91878
766965
510835
425414
600311
866633
749145
64530
299873
944197
566004
207448
801302
754481
742093
483499
72718
474780
432281
911068
179529
227354
497909
810971
957111
934116
503565
935623
647436
624893
447304
641896
255197
455582
224685
711272
548572
345238
334450
665478
489311
585614
144527
489763
592201
961895
157950
788666
658455
445887
448722
771117
368713
806291
638449
879290
157610
868542
811504
457932
871230
432288
925385
532846
601992
694618
473147
228570
963381
893557
955455
949552
108904
929506
827554
396226
932579
246236
163459
133132
487630
38570
306411
758465
18280
602944
288260
815808
716359
705541
804216
437925
278221
100464
76199
969020
339369
333643
133380
221777
154503
761882
553421
712291
856597
470293
970277
86135
561971
876944
654095
138120
491319
449340
766537
54619
902874
546438
47363
552113
631298
987037
120570
733462
368876
358417
759094
452631
30005
402839
500700
239953
859462
655145
681841
348131
241754
617162
164012
703557
149678
876455
6389
76466
451716
573337
298816
19969
797075
654215
357761
765650
556238
949545
793931
669539
131599
358567
22025
934274
36896
389983
238103
64797
640038
421894
946238
217077
434987
394086
576586
306097
682502
366469
206090
941071
268009
659558
9828
128117
825799
406313
889618
524838
94496
406413
918973
837520
724202
464662
289652
121794
952926
669065
889097
65402
146524
719253
247624
500700
507067
816268
117141
47551
86769
638798
269601
567906
612635
3910
709768
340028
564971
38350
106699
176945
996843
701102
844581
835040
115634
459266
875276
369241
981218
860537
290117
994540
133978
81977
527076
844765
665087
84640
416159
975923
387170
934950
670862
562863
860174
732254
815106
659802
85233
822107
530879
279032
874789
480240
700055
819224
651801
461711
787364
44365
622560
439890
944481
902903
743382
170136
531237
628410
103787
627656
722302
613777
569421
36017
770214
741563
96118
415250
50981
875539
66063
264821
669570
640829
654655
955958
807143
353404
196117
10913
121552
57953
248206
761529
394031
11230
789507
2645
693408
216185
854130
313958
810692
284764
45159
175763
150588
471113
45446
224133
473156
932778
500088
197951
576809
90566
677808
504356
229161
165264
775897
276892
485605
322650
947038
494482
101381
634983
960853
304021
68264
640413
148937
126814
480966
477209
755234
567793
53797
943069
950259
630876
936884
525732
82272
46300
175368
770967
378154
335007
140528
747544
189017
404453
624311
922683
872580
728127
100917
681364
993600
516858
767698
364523
883875
427669
910169
699148
907956
354029
691444
413755
563441
2106
238154
222981
894971
208626
696177
27378
285666
333067
980562
641239
665481
952862
659096
213064
733558
685991
840276
617130
273976
698601
933937
509414
13749
197806
431887
788665
323023
199980
688638
343080
927859
704707
250904
327313
6782
233059
813371
571357
25419
652299
845921
888402
489245
49452
847710
47941
333350
76844
790582
943340
865586
182150
926361
513618
625907
483598
72124
133923
926761
245906
402325
468007
722542
719645
736627
466252
301851
104021
445687
589211
93595
866244
249075
422157
707658
639219
605789
101943
802057
504818
665391
337120
30561
702517
300319
969075
432592
689049
740342
995663
402101
253828
241616
356284
172373
669353
600879
106041
124872
873003
318907
126001
276163
386649
468250
659020
186690
382936
499432
157153
328402
478
990163
653192
142968
123802
614102
727181
875010
39218
530064
608578
440808
12324
509888
378476
230429
967822
469344
959837
385464
335432
514779
447202
131962
956399
328811
191954
400955
651261
499667
999431
551542
127252
182326
559721
546989
763034
27923
180453
162682
570813
158302
901501
52340
67991
797947
62138
421946
286125
96345
901116
732959
920594
911785
675826
281970
926057
223290
456804
987752
781831
142515
411181
518121
339639
79980
164743
454516
797975
665641
977983
506287
613791
579955
643655
736591
714690
702741
446058
26336
75245
478448
156826
837745
20076
645116
923557
279328
604908
333915
662982
35901
334235
81755
675352
266526
720555
432137
695141
591295
690038
448364
203933
253075
381884
257381
529826
935275
113223
195233
882048
371778
116911
578488
489402
226659
587770
909413
82879
638391
330203
740962
83068
654959
477147
481888
110475
492746
519509
321248
133513
496963
240219
912817
87941
634011
86839
990470
724307
510718
930444
862899
124225
435156
968218
107524
174881
126823
407328
198970
858501
575340
159963
635491
770185
246512
733101
287445
829514
359776
612678
587445
639029
209195
246859
309370
962554
63477
81772
958238
986939
428915
801376
643824
70924
466960
786410
584339
543411
663873
472463
165434
842419
316688
516018
987123
153974
77427
299790
784474
290518
579546
303760
805998
17224
21384
662607
539136
543269
516569
865897
954887
203670
625058
249915
35281
127068
647093
410556
397908
116922
52355
820534
962595
757375
221916
489571
997820
883635
845779
195680
132926
551390
763069
285328
239287
679920
472
52112
320668
868560
696775
737490
473746
412548
446907
974104
647848
575545
231278
714447
3880
926960
288265
959814
387651
940997
765350
844105
381289
769629
224751
451422
537466
688620
368421
231771
114454
730913
721597
496994
606672
106990
280165
929019
682562
139063
411300
941452
955642
111574
951775
170167
595794
10121
24183
229776
360094
668089
132112
85050
864510
791911
969325
914461
41810
820661
577975
772741
407565
731919
476765
446170
602339
912436
595028
303480
115484
68453
784319
129771
440650
152936
579243
3912
742039
660857
913969
899690
452856
828430
995391
497928
324926
125574
539888
542192
10635
332333
315542
662562
158945
562734
693402
976459
395158
459414
84987
27741
991844
631937
744818
726535
992157
471651
165430
564758
398715
740789
853851
658280
199445
664697
620054
109704
410030
39404
178651
722795
613352
294280
899815
558342
422806
291571
564250
394250
178607
348295
201148
64573
88349
198655
194720
879286
557493
643898
26469
623989
780546
542063
371161
151837
767738
604014
429753
921486
581266
976719
340244
214243
920685
865913
367822
985093
625712
855888
695807
214378
876913
187644
399739
708846
37325
902547
859821
902412
374616
34210
521820
928569
125999
240925
902544
352221
487530
735648
968653
925486
3950
887329
479934
730731
61535
972725
439149
40371
592050
269755
288239
931008
461792
530089
85149
778883
80246
591281
135484
969564
103177
310479
410302
38005
451272
388978
56290
38717
261098
545860
744886
262524
796102
938008
359549
532824
763713
352623
52075
867683
978337
321575
497356
420446
539456
165185
756549
15503
796381
442829
255539
327866
857549
